0595,0117
0838,0144
0492,0740
0985,0153
0696,0635
0471,0683
0018,0751
0026,0373
0975,0270
0413,0284
0675,0895
0211,0540
0336,0582
0752,0749
0803,0328
0487,0017
0688,0063
0075,0680
0797,0130
0202,0097
0948,0901
0506,0061
0090,0976
0023,0577
0261,0910
0757,0048
0899,0253
0944,0362
0365,0940
0563,0894
0114,0678
0653,0807
0784,0954
0287,0997
0213,0956
0906,0971
0604,0844
0806,0537
0171,0881
0030,0142
0800,0457
0807,0963
0004,0976
0110,0278
0240,0098
0833,0874
0388,0070
0086,0512
0534,0530
0311,0716
0568,0245
0135,0734
0762,0653
0959,0370
0494,0054
0401,0047
0835,0707
0206,0249
0425,0564
0051,0580
0348,0348
0437,0246
0579,0605
0517,0774
0095,0570
0823,0095
0801,0201
0516,0827
0956,0340
0128,0398
0226,0835
0638,0697
0091,0575
0431,0374
0895,0869
0337,0271
0909,0165
0604,0438
0284,0414
0608,0256
0710,0671
0290,0083
0573,0029
0781,0200
0366,0828
0645,0543
0570,0404
0543,0343
0858,0850
0637,0238
0259,0735
0822,0747
0399,0849
0913,0221
0363,0324
0953,0063
0512,0477
0892,0340
0208,0907
0270,0873
0498,0778
0412,0123
0065,0301
0538,0045
0966,0367
0885,0485
0406,0183
0828,0292
0831,0518
0593,0113
0436,0757
0990,0874
0335,0840
0787,0990
0262,0833
0803,0289
0526,0970
0302,0916
0628,0387
0146,0936
0547,0788
0898,0511
0231,0183
0977,0512
0064,0750
0399,0173
0258,0084
0226,0378
0673,0563
0704,0108
0074,0497
0025,0868
0677,0959
0977,0199
0367,0473
0411,0075
0091,0755
0369,0712
0640,0221
0151,0984
0974,0293
0904,0252
0802,0870
0297,0181
0105,0130
0473,0660
0706,0625
0042,0582
0395,0646
0345,0968
0957,0098
0304,0075
0196,0416
0798,0555
0406,0148
0564,0802
0766,0073
0960,0236
0848,0813
0590,0206
0404,0299
0762,0096
0800,0756
0019,0901
0853,0523
0241,0587
0868,0388
0359,0035
0945,0496
0355,0118
0965,0528
0387,0089
0434,0956
0162,0023
0112,0687
0231,0778
0117,0576
0150,0702
0128,0007
0416,0402
0822,0073
0838,0628
0478,0643
0995,0119
0743,0911
0399,0331
0809,0870
0295,0994
0672,0178
0954,0210
0773,0326
0911,0044
0288,0141
0722,0080
0232,0236
0941,0187
0714,0909
0843,0838
0120,0953
0608,0740
0784,0529
0764,0344
0718,0400
0694,0016
0924,0656
0789,0866
0877,0504
0154,0073
0785,0416
0521,0556
0458,0121
0687,0291
0926,0003
0613,0543
0717,0723
0226,0917
0402,0697
0895,0239
0583,0028
0275,0455
0233,0642
0647,0945
0146,0968
0892,0052
0693,0379
0808,0772
0028,0632
0088,0319
0829,0470
0167,0817
0571,0750
0757,0527
0737,0396
0163,0685
0297,0549
0722,0604
0946,0284
0835,0860
0433,0899
0473,0753
0438,0282
0954,0685
0031,0607
0421,0194
0347,0227
0710,0266
0052,0557
0453,0741
0407,0213
0668,0126
0248,0687
0455,0595
0862,0697
0557,0631
0045,0051
0869,0805
0283,0834
0492,0811
0458,0537
0955,0833
0068,0661
0645,0700
0669,0940
0542,0932
0402,0353
0175,0198
0695,0086
0109,0806
0814,0590
0483,0597
0132,0501
0132,0875
0469,0239
0322,0738
0264,0930
0044,0710
0941,0586
0969,0292
0394,0879
0148,0950
0357,0652
0048,0913
0868,0318
0354,0523
0712,0639
0654,0364
0520,0022
0050,0720
0810,0301
0439,0910
0596,0175
0109,0336
0393,0332
0398,0759
0599,0546
0083,0578
0956,0737
0098,0195
0769,0067
0905,0686
0591,0879
0940,0839
0150,0985
0179,0975
0397,0791
0399,0786
0291,0802
0219,0392
0204,0999
0407,0479
0607,0681
0095,0105
0948,0549
0842,0591
0707,0514
0174,0578
0127,0091
0585,0025
0554,0674
0299,0684
0042,0474
0247,0796
0001,0089
0016,0901
0802,0680
0120,0297
0559,0177
0116,0922
0632,0540
0779,0931
0942,0246
0653,0571
0285,0550
0537,0504
0503,0773
0134,0868
0198,0746
0123,0142
0058,0039
0018,0584
0144,0651
0222,0552
0835,0509
0782,0398
0444,0697
0618,0969
0109,0131
0450,0918
0884,0181
0582,0958
0835,0134
0200,0658
0900,0098
0686,0350
0617,0648
0491,0719
0833,0780
0549,0554
0143,0897
0249,0315
0997,0250
0522,0927
0950,0549
0041,0822
0728,0612
0023,0096
0088,0850
0621,0291
0544,0455
0516,0126
0131,0272
0001,0189
0473,0198
0000,0706
0278,0201
0169,0348
0173,0320
0008,0495
0923,0344
0694,0520
0878,0039
0278,0618
0843,0011
0258,0722
0742,0132
0202,0019
0452,0555
0590,0263
0853,0654
0356,0116
0326,0953
0835,0982
0610,0602
0680,0070
0720,0544
0701,0567
0424,0753
0551,0928
0464,0183
0321,0931
0603,0095
0772,0170
0672,0462
0688,0632
0416,0367
0596,0227
0049,0069
0313,0652
0880,0346
0277,0176
0019,0098
0467,0487
0244,0847
0727,0838
0666,0097
0543,0259
0386,0777
0981,0373
0242,0643
0890,0173
0918,0974
0365,0340
0668,0642
0104,0203
0537,0244
0139,0225
0591,0856
0682,0349
0422,0324
0857,0368
0126,0469
0776,0485
0103,0729
0298,0889
0016,0136
0167,0265
0668,0103
0458,0268
0474,0226
0900,0462
0395,0814
0335,0525
0783,0448
0839,0684
0408,0757
0402,0946
0096,0391
0609,0182
0919,0705
0334,0449
0196,0688
0605,0888
0300,0670
0456,0357
0185,0803
0754,0761
0009,0370
0741,0456
0768,0101
0534,0521
0928,0350
0302,0592
0764,0436
0412,0569
0012,0230
0382,0179
0875,0543
0207,0279
0732,0638
0802,0764
0779,0824
0052,0649
0168,0324
0192,0062
0862,0483
0404,0815
0433,0419
0096,0205
0918,0686
0479,0883
0836,0667
0581,0138
0000,0841
0345,0657
0816,0091
0605,0501
0077,0101
0608,0009
0171,0850
0532,0754
0316,0015
0259,0882
0008,0519
0636,0247
0649,0299
0924,0302
0427,0053
0712,0057
0689,0602
0871,0459
0354,0051
0236,0212
0563,0614
0088,0614
0702,0974
0142,0730
0423,0435
0856,0287
0007,0174
0736,0112
0234,0710
0272,0689
0332,0496
0915,0942
0336,0623
0404,0104
0176,0856
0076,0541
0072,0216
0082,0843
0677,0692
0066,0144
0092,0141
0456,0193
0020,0422
0517,0141
0477,0947
0528,0285
0370,0632
0865,0635
0706,0531
0510,0564
0677,0983
0224,0820
0602,0661
0392,0780
0965,0921
0395,0170
0140,0239
0069,0357
0099,0657
0353,0602
0638,0182
0318,0529
0068,0240
0750,0238
0299,0121
0992,0004
0902,0371
0117,0348
0627,0131
0616,0182
0504,0001
0830,0586
0014,0911
0500,0582
0198,0132
0744,0676
0528,0275
0360,0766
0915,0085
0943,0729
0159,0375
0614,0443
0261,0609
0591,0459
0264,0373
0060,0468
0061,0800
0734,0365
0917,0304
0722,0872
0875,0514
0837,0581
0601,0487
0825,0730
0829,0394
0175,0273
0497,0105
0348,0326
0384,0261
0497,0243
0388,0799
0426,0827
0373,0961
0368,0847
0660,0215
0281,0048
0261,0800
0653,0002
0035,0197
0956,0792
0453,0732
0651,0306
0166,0465
0862,0464
0307,0882
0991,0642
0317,0445
0996,0270
