842,223,636
478,952,696
255,177,746
648,621,318
632,612,303
852,234,638
496,935,694
630,616,299
538,386,709
629,631,305
538,369,709
247,194,749
863,240,637
637,633,308
563,382,707
244,182,757
862,224,644
261,178,762
263,182,740
638,627,311
247,184,752
857,225,645
253,189,743
494,942,697
841,235,648
628,620,318
647,612,310
250,182,737
240,178,741
853,227,642
240,181,741
249,179,741
479,932,687
640,628,311
547,383,700
860,241,656
849,223,658
253,186,750
480,946,678
849,233,653
841,224,654
481,951,679
629,633,305
644,621,306
240,193,754
248,182,743
635,618,302
848,227,657
860,237,646
629,616,293
551,375,702
471,934,677
547,388,709
548,367,696
256,177,753
479,953,677
634,625,312
845,236,636
495,932,681
848,228,645
491,932,689
854,236,644
248,199,759
543,371,694
638,614,307
650,615,295
643,619,301
561,388,695
477,939,676
864,235,651
476,934,683
648,619,304
642,611,298
644,613,312
851,227,658
239,185,755
479,951,682
847,224,650
552,366,711
549,378,690
631,622,296
246,194,738
472,944,672
646,628,293
248,178,757
254,176,756
486,935,684
549,388,689
481,947,690
844,244,647
472,935,692
855,219,652
245,188,761
251,193,744
264,189,762
644,628,307
841,244,658
645,625,308
490,953,697
539,369,706
636,611,302
634,624,318
243,179,754
855,219,660
840,236,661
493,952,683
634,609,294
562,390,689
242,188,760
634,609,302
247,191,760
840,235,660
239,191,749
563,365,691
553,381,689
626,614,311
541,370,692
256,191,742
630,632,311
473,937,685
557,367,689
846,234,651
491,941,691
559,388,698
626,628,296
843,233,642
478,951,693
554,368,694
488,948,672
633,611,312
252,175,741
633,616,299
562,368,694
495,938,693
855,240,651
540,374,697
626,626,304
492,934,692
551,375,705
862,242,658
862,240,638
840,222,651
548,366,711
631,613,302
490,940,676
854,244,646
842,220,651
856,236,657
860,231,643
493,941,695
631,626,296
862,223,641
549,374,688
553,365,698
545,389,711
474,947,687
640,625,318
240,193,744
493,940,697
263,175,741
839,231,657
557,365,710
478,942,692
491,941,672
475,929,683
555,371,707
650,618,297
542,369,690
248,180,756
489,929,688
556,386,687
639,633,308
641,613,300
552,379,690
492,940,697
554,381,701
482,950,675
552,377,688
248,190,748
496,953,683
852,221,645
241,192,747
493,944,690
472,933,693
852,220,651
548,376,708
557,381,707
633,616,307
471,954,683
562,371,712
841,219,641
472,938,677
636,615,316
635,631,317
540,373,691
642,610,298
648,625,305
240,177,747
553,389,688
250,198,760
550,388,690
843,219,643
254,183,742
639,613,294
252,184,745
264,180,762
253,194,737
490,941,679
641,628,296
844,227,648
626,632,298
495,935,691
480,944,679
861,244,644
852,244,656
548,388,697
647,628,306
634,614,314
853,231,642
490,935,682
633,628,304
241,191,752
545,375,688
541,376,697
473,935,674
548,388,709
539,379,706
239,178,742
487,953,684
854,219,648
636,630,318
496,949,692
628,624,302
632,634,304
251,198,743
628,614,296
485,937,673
483,947,677
544,385,691
839,230,640
541,378,688
486,942,680
645,632,305
632,633,300
858,219,651
491,943,683
480,954,685
493,951,689
648,615,305
552,387,691
490,953,682
852,242,654
246,195,757
861,239,637
553,379,694
478,936,688
244,199,758
486,940,694
561,368,690
638,624,316
486,937,697
239,184,748
476,929,679
638,626,314
633,613,299
556,379,687
495,940,693
636,618,297
647,615,304
480,947,681
494,932,691
852,239,643
551,366,698
263,182,753
550,375,689
634,621,317
252,175,740
641,625,299
241,193,747
642,632,300
544,376,690
492,934,695
634,632,311
540,365,700
643,628,295
853,232,652
494,934,695
639,617,302
553,379,697
264,181,745
252,192,751
842,240,655
554,374,689
256,179,737
485,938,685
255,184,757
560,368,698
252,191,737
634,610,311
250,180,759
859,235,655
241,195,744
243,177,756
647,610,295
632,615,315
541,373,707
252,189,758
549,365,707
261,197,762
644,628,300
248,191,762
552,370,707
482,933,693
255,193,758
847,236,655
495,943,675
628,632,304
650,628,314
853,223,660
487,949,683
258,198,737
850,235,640
852,238,652
487,948,677
558,382,705
646,626,300
245,186,758
261,180,748
634,621,310
839,229,641
641,633,295
627,633,298
839,235,641
843,236,656
249,185,744
639,613,300
633,613,312
862,234,651
846,232,657
649,612,307
852,225,656
486,954,678
628,611,317
848,233,638
642,618,307
630,628,307
647,629,314
852,224,652
241,180,753
471,941,691
649,613,299
544,377,691
856,237,638
627,621,310
844,240,646
261,199,739
853,221,655
480,954,674
241,197,757
488,938,681
852,239,654
648,633,301
538,372,712
249,186,747
631,622,308
471,935,682
247,197,745
840,223,651
246,197,739
844,221,643
253,195,753
543,375,709
849,239,657
538,388,687
633,612,309
646,629,299
860,238,653
643,612,293
490,931,682
638,623,305
863,237,641
557,369,689
496,937,688
646,612,315
488,948,693
631,631,298
478,941,686
245,180,737
627,624,299
264,183,753
496,954,682
862,235,659
552,373,698
261,178,737
555,386,709
539,388,689
491,945,686
474,944,690
846,242,640
547,373,703
474,941,696
262,181,752
248,188,746
488,953,691
546,386,691
858,240,652
851,240,644
478,945,696
549,365,701
258,194,738
538,383,693
546,384,709
261,193,739
638,609,299
557,374,705
472,940,674
551,379,699
857,223,661
244,179,756
862,243,643
261,187,739
563,379,688
547,385,703
254,188,739
488,942,679
262,196,741
480,930,681
479,934,684
477,931,682
539,386,688
858,225,654
854,243,649
853,228,644
487,946,672
630,631,295
639,624,297
241,183,761
471,937,684
243,186,751
475,954,679
252,175,753
473,938,697
540,369,701
253,199,758
250,185,756
549,374,710
258,191,758
852,231,641
241,194,742
262,195,760
241,196,743
554,388,699
645,629,296
861,238,644
254,187,741
633,624,310
557,377,698
484,951,679
251,175,758
255,190,737
479,951,672
487,930,679
637,617,312
250,181,739
542,383,692
561,374,710
246,179,756
648,631,297
544,378,699
632,633,304
633,619,313
643,627,294
544,371,696
646,619,312
639,634,315
481,930,681
475,931,675
249,192,750
545,377,700
481,935,676
548,370,699
251,196,743
471,947,677
641,634,308
650,615,310
264,198,739
477,938,675
539,389,698
553,377,705
483,942,673
864,230,657
478,951,692
256,180,739
248,190,755
261,181,754
249,175,745
849,224,651
541,369,688
640,623,317
559,390,688
259,192,749
650,617,307
846,233,658
259,174,747
256,182,742
495,949,680
848,228,638
629,612,312
845,242,653
473,954,692
841,219,661
256,179,747
251,176,750
862,232,655
258,178,740
487,942,681
555,377,700
561,373,692
247,187,762
560,381,701
862,220,650
843,233,637
851,226,637
247,195,739
555,383,712
261,184,741
643,614,307
480,942,694
539,365,706
858,235,639
848,226,643
262,193,750
856,238,640
473,949,672
641,610,306
640,632,318
649,629,294
264,176,748
632,622,312
864,241,645
862,236,650
635,632,294
553,380,691
545,374,702
634,634,293
475,940,697
258,192,746
635,620,315
851,223,659
488,940,678
257,179,740
626,612,307
631,632,311
247,188,739
473,932,693
643,630,300
637,633,299
631,620,299
641,629,299
560,386,690
645,609,312
850,230,650
260,197,756
548,383,696
242,178,761
558,380,688
645,610,310
649,634,295
541,369,712
542,390,691
541,372,703
240,187,760
851,237,657
542,381,691
491,950,692
488,949,684
478,930,679
847,221,654
551,365,700
636,627,310
479,941,673
239,187,757
480,945,673
636,625,313
864,242,639
240,179,747
646,609,317
253,182,738
633,622,312
481,943,697
649,620,300
261,199,759
251,190,757
475,941,688
551,382,701
630,619,315
563,379,693
842,233,658
483,935,678
859,244,657
246,184,745
859,220,654
491,952,672
848,231,659
239,176,743
554,386,711
261,188,748
631,625,318
641,628,304
632,617,299
630,620,307
546,390,704
848,222,646
643,625,307
496,952,675
845,244,660
259,187,741
635,627,307
493,944,672
852,240,639
474,940,683
253,197,747
244,183,744
648,620,317
647,612,310
247,180,753
484,935,679
249,188,760
485,929,689
262,184,758
493,947,676
627,610,311
650,612,310
249,192,752
263,188,739
554,371,708
541,368,696
859,221,638
552,368,691
635,625,317
864,237,661
629,631,303
627,631,308
476,934,676
487,947,694
641,634,308
252,178,739
562,387,700
494,950,692
258,199,741
644,611,296
862,238,648
847,233,643
629,631,301
244,198,756
246,181,742
844,239,660
541,368,694
851,237,637
555,375,694
560,390,695
644,610,314
491,951,685
244,175,750
252,193,744
263,178,744
489,946,692
853,242,654
542,387,693
558,381,708
478,944,682
258,182,753
562,377,697
859,226,639
264,178,751
484,954,676
855,221,638
843,236,646
493,951,678
842,228,652
630,632,300
839,227,660
253,182,747
487,929,679
264,186,749
250,195,756
240,182,744
490,938,688
482,945,674
258,179,739
479,941,673
641,613,318
245,179,739
650,616,293
249,177,757
636,629,300
259,191,744
543,388,702
246,189,746
545,378,696
240,182,762
488,938,697
257,183,756
561,385,697
627,614,299
563,387,706
628,609,316
848,227,654
246,181,757
540,388,701
558,376,711
550,373,698
639,631,304
548,385,699
543,380,702
264,181,762
637,611,299
626,613,299
861,243,642
851,231,649
858,236,648
259,187,752
629,621,297
554,385,699
494,953,672
645,615,301
482,951,687
640,632,302
555,378,692
547,389,704
863,221,639
243,183,740
487,932,694
559,374,698
843,229,639
254,194,744
488,950,681
247,178,752
255,178,737
839,230,642
559,374,687
250,184,750
490,933,672
245,175,747
855,239,648
843,236,642
486,939,688
636,632,297
542,389,709
626,633,313
244,179,739
855,239,638
638,625,311
860,227,642
842,234,636
492,949,692
541,386,708
255,176,758
630,611,318
490,941,693
638,624,300
546,367,703
855,228,650
640,633,309
481,931,686
258,177,760
848,222,654
642,633,318
250,188,749
493,948,677
253,179,756
488,950,677
249,194,761
640,610,307
241,179,741
538,381,694
557,386,708
634,619,293
649,630,298
842,233,638
258,188,756
545,369,692
478,935,693
471,939,696
259,181,754
848,227,656
240,193,743
538,370,706
260,179,753
255,178,757
646,619,311
480,940,697
247,176,737
554,367,705
264,186,758
650,618,312
552,387,694
558,385,694
557,380,712
482,941,676
842,243,648
548,383,695
848,222,648
264,187,761
846,219,636
248,176,739
242,189,741
639,619,309
474,947,687
247,177,751
548,368,693
261,181,739
559,373,692
636,624,300
486,952,692
492,940,693
494,954,691
641,633,307
473,947,694
475,951,678
480,940,675
862,242,648
249,182,760
256,195,750
847,226,659
854,229,661
551,365,700
548,371,703
495,954,682
563,377,707
548,381,707
483,934,674
258,191,753
476,949,681
241,177,752
478,939,695
257,178,739
548,370,699
643,632,294
475,951,695
863,226,650
264,176,743
482,944,684
642,618,311
556,379,689
855,237,649
852,243,643
244,195,755
480,931,686
631,613,309
555,368,698
490,947,682
548,366,690
251,184,742
538,369,697
863,224,639
542,366,689
258,181,741
255,178,738
633,630,301
650,621,297
634,613,307
628,617,293
853,224,640
252,196,740
491,930,672
843,233,647
472,947,696
638,632,311
847,240,651
560,375,712
557,367,688
839,237,656
842,227,650
544,372,700
245,186,748
859,234,639
638,623,293
474,945,691
843,228,651
251,185,762
846,235,643
493,936,684
246,183,758
477,950,675
472,950,692
635,620,315
861,236,646
540,378,690
630,613,310
864,229,643
474,942,677
840,237,646
552,375,694
851,241,638
254,182,741
863,244,647
637,616,294
542,388,700
854,230,657
474,937,673
248,190,751
480,942,693
625,609,317
249,178,753
245,177,752
550,387,687
851,219,650
547,381,700
474,945,693
860,219,657
647,612,302
632,632,303
555,378,689
648,624,316
242,183,750
260,196,750
472,937,687
863,221,636
254,185,760
561,390,701
241,180,741
628,630,312
547,365,711
545,376,704
496,947,679
563,366,692
846,228,656
846,235,647
258,191,753
854,229,638
561,368,700
483,943,677
559,380,705
641,624,294
553,367,691
476,951,687
242,178,750
854,241,654
550,389,711
630,632,296
636,614,303
494,946,674
263,191,756
256,194,745
256,194,743
650,612,297
547,375,689
538,372,689
471,939,672
846,228,656
629,634,308
258,185,739
490,946,692
650,610,307
859,225,643
486,948,694
650,615,294
839,226,654
486,941,688
251,195,744
554,371,687
263,193,741
492,940,680
853,219,647
473,933,694
475,944,688
490,937,695
483,948,681
254,197,740
650,630,299
640,617,308
261,198,740
850,243,643
559,365,687
541,380,696
864,243,659
494,953,696
845,243,645
483,945,677
253,195,744
538,369,696
245,176,747
242,186,742
628,633,313
481,935,674
649,609,311
249,194,756
472,939,685
263,183,762
855,219,644
839,234,653
861,233,656
480,930,680
252,183,741
850,242,642
487,947,694
475,944,685
638,610,312
642,634,318
258,194,739
552,370,687
862,227,647
549,387,701
549,376,701
639,632,313
852,228,661
862,239,660
643,627,312
640,625,300
556,386,692
487,942,673
472,951,694
549,373,702
239,191,749
257,189,743
846,219,653
477,948,689
863,222,654
561,373,706
252,185,755
639,633,312
563,388,697
636,626,294
648,627,299
244,183,747
629,620,294
851,219,640
240,182,749
247,182,740
860,232,645
629,618,301
842,228,648
544,365,695
853,231,642
489,952,690
854,220,655
544,387,688
251,179,744
846,242,654
858,232,659
856,239,641
627,627,300
472,943,696
264,194,753
478,948,687
476,953,679
844,237,639
540,390,696
472,937,672
639,611,302
471,932,690
857,236,638
644,632,305
473,949,673
559,369,701
546,386,705
546,372,703
863,220,658
485,931,676
481,952,673
852,232,640
255,188,742
261,194,761
629,610,298
560,388,687
558,369,704
485,932,679
491,944,682
485,949,675
625,632,304
842,221,658
554,389,687
542,375,704
474,940,679
479,944,697
841,240,640
841,225,646
551,386,692
260,199,751
243,174,737
860,222,644
246,189,745
649,613,307
495,943,691
557,388,707
248,191,761
253,195,754
846,223,660
843,230,641
641,613,306
557,389,710
544,379,708
251,182,756
541,386,712
644,614,293
239,194,756
485,947,675
253,194,754
643,620,300
638,624,307
541,384,704
641,615,297
643,616,297
848,219,643
863,221,648
648,614,310
632,616,312
644,621,317
552,373,697
240,177,759
249,197,749
856,242,637
487,954,676
471,953,680
496,939,684
259,188,755
254,190,740
630,627,295
629,619,299
842,230,636
263,195,748
239,199,760
638,619,296
646,624,317
254,181,752
636,620,313
489,940,685
862,239,648
854,233,640
562,365,702
639,612,318
649,621,314
635,634,317
642,623,310
487,937,694
257,191,749
244,187,737
551,389,693
548,381,706
482,942,687
250,186,754
846,234,655
486,947,687
251,177,739
843,233,639
645,623,311
259,175,752
850,223,645
261,179,754
863,242,638
486,932,695
488,950,696
637,624,295
475,944,682
636,611,310
632,626,295
847,232,648
258,180,752
249,185,756
639,610,295
645,626,305
486,942,695
559,384,691
254,191,740
842,227,657
861,238,653
488,950,674
563,370,692
240,181,757
476,945,679
552,375,697
629,621,303
850,242,643
625,613,313
561,366,712
479,945,693
846,239,659
247,183,751
264,193,754
649,616,298
553,383,698
477,934,672
538,370,690
857,223,640
546,377,701
636,612,314
641,630,302
260,179,749
550,386,687
489,950,673
551,382,706
258,195,737
861,231,658
494,931,678
242,177,742
248,193,750
643,629,294
540,383,697
854,234,661
