783,150
785,145
798,148
244,875
802,145
644,736
254,866
246,864
651,725
258,868
249,871
239,877
799,151
627,716
784,158
643,733
635,738
646,730
794,150
632,736
651,724
255,857
787,158
636,737
255,871
777,152
246,866
649,723
628,724
789,155
796,153
248,879
637,722
781,134
641,713
778,153
240,858
253,863
641,734
645,730
629,716
244,876
782,150
245,873
785,146
780,153
784,153
235,877
783,148
648,720
635,729
235,861
649,714
801,157
647,715
786,151
255,868
244,865
257,873
630,717
642,722
640,723
643,725
647,731
245,864
787,138
786,137
790,141
254,881
637,722
790,159
790,141
633,730
233,876
631,724
239,858
251,860
646,737
628,727
650,714
255,866
646,718
787,153
239,858
237,864
639,738
636,715
798,152
779,142
244,869
639,734
635,716
640,732
638,719
636,717
235,868
258,867
786,139
790,136
802,144
802,139
252,868
628,729
256,866
248,868
633,732
793,138
254,870
780,145
247,877
639,731
252,865
783,159
787,155
242,881
792,137
241,864
789,157
633,725
802,153
629,714
626,716
634,730
237,867
787,153
650,734
256,878
789,136
250,857
797,155
249,873
242,879
626,728
244,864
638,717
243,871
798,152
786,154
782,134
235,880
253,873
779,152
647,722
645,732
778,152
636,729
782,138
645,733
795,153
242,878
247,865
247,874
793,156
249,859
636,722
254,870
636,727
787,146
802,138
787,154
788,154
797,148
631,733
246,860
632,713
634,716
641,727
636,718
243,861
258,874
782,153
782,146
642,726
257,862
635,720
632,720
234,863
793,136
644,732
241,872
800,151
243,862
626,723
793,156
638,726
246,868
789,144
627,738
785,141
235,861
777,136
239,862
248,867
642,737
257,858
645,732
793,137
258,869
634,724
244,879
796,138
236,868
786,146
648,724
246,858
632,720
233,858
637,738
783,159
777,149
246,870
639,732
650,718
252,881
629,723
791,142
650,727
779,159
796,146
643,728
793,156
245,871
636,725
785,152
626,728
233,873
788,141
780,140
634,714
793,141
253,874
242,869
647,736
793,143
234,857
234,865
795,155
252,882
799,146
638,734
797,134
779,151
254,874
233,875
784,136
791,142
800,158
790,147
643,736
791,145
779,150
245,865
630,721
787,146
255,858
250,873
257,868
792,144
629,718
239,858
796,155
801,143
801,143
239,869
649,722
244,860
783,157
638,713
796,156
785,148
252,882
789,134
253,876
777,146
631,726
637,735
643,731
247,862
248,881
792,137
246,882
633,735
651,738
647,736
789,136
782,149
650,714
254,871
256,873
254,865
630,731
785,141
800,154
802,138
630,717
795,153
237,868
644,737
646,719
650,727
631,715
644,730
786,135
795,159
784,145
796,154
647,738
248,860
791,138
786,135
799,159
626,733
642,732
639,736
251,861
253,875
241,882
795,136
640,714
629,723
252,882
254,862
640,735
787,152
633,729
629,724
251,864
799,152
256,863
638,724
636,730
644,734
782,138
235,875
233,876
638,734
239,874
635,731
236,872
651,736
636,738
639,727
628,714
256,874
253,872
787,142
239,871
255,863
255,866
244,873
647,731
244,878
644,716
784,135
256,875
243,864
638,719
785,151
797,153
239,864
790,157
780,148
798,138
633,735
780,149
245,877
650,728
646,732
786,153
780,137
638,722
645,737
649,720
781,145
785,143
252,880
778,140
247,874
793,145
781,156
648,732
802,138
236,876
777,146
784,157
801,142
797,155
799,153
258,862
779,142
787,156
252,870
238,876
635,719
631,726
783,155
797,145
635,721
780,154
639,716
790,138
799,159
631,737
255,862
637,722
647,731
254,879
781,136
241,858
248,876
235,867
253,857
243,859
636,719
249,881
255,865
252,857
254,862
253,874
801,143
794,141
633,729
798,141
628,722
783,154
245,859
793,134
236,860
635,720
650,737
240,870
247,871
251,876
801,147
651,721
799,136
632,721
628,726
643,717
640,732
245,862
793,142
252,861
636,736
786,158
645,730
779,136
779,141
637,721
258,868
643,728
640,715
247,882
238,866
253,878
780,145
629,734
633,720
643,722
649,726
797,156
650,714
244,875
800,137
802,145
648,729
626,730
783,152
780,134
257,880
793,156
241,864
794,134
258,871
777,147
244,871
788,154
239,863
649,731
649,729
650,735
786,140
242,872
633,717
239,863
644,713
643,717
793,144
635,738
634,734
782,148
800,159
251,873
798,144
236,879
635,717
639,722
647,728
789,150
637,727
235,859
643,735
631,738
651,722
638,716
245,879
253,871
255,879
234,858
630,722
257,875
626,731
237,870
640,732
800,135
628,737
645,738
645,725
779,157
650,728
627,716
645,734
794,145
236,867
255,865
256,867
242,859
240,859
794,155
643,729
237,876
634,725
786,151
781,134
257,872
243,864
801,147
629,738
647,719
779,142
239,879
633,714
792,154
246,880
245,877
248,880
637,728
785,159
628,724
791,143
793,158
647,720
627,736
651,727
250,864
635,732
233,874
629,713
253,874
798,144
778,144
794,136
789,138
236,876
647,713
242,879
257,880
793,142
252,860
792,139
787,138
646,729
243,875
248,876
798,146
257,858
627,735
642,734
783,153
793,137
785,138
251,857
788,139
638,738
790,142
233,878
636,727
649,721
636,719
646,725
246,874
796,143
626,721
629,717
234,859
635,727
778,138
253,874
642,718
240,864
633,729
234,880
793,139
793,145
795,141
638,725
233,881
782,156
635,734
253,876
258,860
638,714
633,737
650,731
630,713
249,880
631,716
233,882
643,714
236,863
786,142
801,151
649,730
234,859
782,150
632,732
645,713
233,874
801,147
648,714
651,732
643,738
257,861
246,877
632,720
797,156
794,156
239,882
784,154
791,143
248,860
777,140
799,151
781,140
634,719
630,719
626,731
252,875
253,859
780,144
779,147
638,729
782,153
790,152
238,865
643,714
235,857
238,881
640,733
237,882
254,879
645,738
243,880
636,720
800,152
782,139
243,866
646,729
635,737
784,150
789,137
632,724
802,147
640,718
239,882
645,732
780,148
784,144
777,152
779,155
246,859
244,880
251,875
795,145
645,713
780,148
648,736
800,151
795,152
785,135
796,145
645,720
790,150
631,715
245,872
631,724
233,876
792,146
233,869
798,143
630,728
778,155
801,157
777,146
635,714
254,871
801,146
785,158
238,874
235,872
234,858
641,724
634,715
650,727
253,880
244,873
797,154
241,880
254,858
636,736
246,863
787,139
243,865
646,715
647,717
634,719
790,145
235,859
234,870
643,719
633,731
639,733
781,134
249,871
782,152
640,726
255,866
779,138
794,142
245,861
797,137
784,154
790,142
780,146
251,870
629,729
788,147
797,138
800,136
787,146
626,733
787,159
237,869
786,137
636,713
786,153
234,869
253,869
254,876
233,868
801,141
239,871
252,861
633,725
258,863
794,152
800,137
251,862
790,158
238,875
237,869
788,148
788,136
636,715
790,153
243,872
634,737
632,718
249,873
648,730
247,880
247,877
645,716
256,879
795,157
647,718
242,880
256,877
645,720
645,732
781,153
253,879
636,733
796,157
640,736
247,858
789,158
248,862
630,725
244,874
797,147
637,736
628,728
241,858
649,718
786,135
636,722
646,722
254,875
258,882
778,149
238,868
242,872
233,862
797,137
792,135
637,730
801,146
637,727
796,154
781,134
636,723
234,867
790,136
650,714
244,862
242,859
257,859
243,864
800,146
255,878
248,860
257,865
242,867
642,730
255,875
240,871
627,715
247,878
792,148
245,866
253,881
788,135
798,148
793,149
777,151
794,136
234,858
251,869
795,145
630,717
802,158
779,143
643,731
638,725
632,735
787,154
238,882
633,729
778,136
640,728
258,860
797,141
237,865
782,134
245,866
791,159
628,720
237,868
801,138
234,860
638,721
628,730
645,735
781,151
651,718
255,863
647,725
790,149
647,738
242,866
779,152
650,720
245,874
788,134
649,726
640,717
640,722
787,158
637,725
246,880
781,140
235,876
792,143
631,730
627,738
246,879
250,864
253,871
647,726
778,150
245,870
801,148
632,736
241,866
778,146
630,737
240,877
648,717
632,733
632,728
244,872
237,859
245,881
781,144
644,727
251,870
777,150
802,147
786,144
800,138
238,869
640,723
796,149
801,156
244,879
628,736
792,134
242,876
638,736
632,732
650,714
250,862
650,714
788,141
256,864
651,734
634,725
648,725
242,865
627,733
254,870
785,157
245,877
651,722
633,716
794,148
242,862
797,142
252,871
234,878
250,866
253,857
247,878
254,869
642,720
246,877
233,867
253,865
788,138
628,736
628,716
641,732
802,155
252,866
629,737
251,874
241,857
242,876
242,859
634,737
636,731
784,149
242,861
234,875
792,159
793,144
630,726
634,725
780,136
800,151
641,729
253,866
247,877
251,879
802,155
638,728
247,870
255,865
643,732
633,736
254,866
797,147
802,134
798,158
792,140
778,138
629,724
629,720
633,726
637,726
796,145
245,864
630,725
800,153
632,720
251,875
237,879
650,714
797,142
792,143
802,158
646,732
789,148
250,863
237,879
239,880
647,719
240,857
633,737
635,718
238,870
629,730
644,732
777,136
640,720
248,861
637,724
255,861
647,714
233,882
651,737
640,730
643,722
789,156
248,862
639,738
633,726
627,732
256,873
787,157
650,713
648,732
649,730
787,134
253,882
646,734
239,872
244,864
236,863
794,150
635,713
793,154
632,722
251,877
255,859
641,714
645,738
796,134
787,151
235,877
257,867
236,859
252,860
793,142
631,721
643,724
646,719
649,726
627,732
800,158
781,158
648,727
779,151
786,155
651,726
632,716
651,733
632,737
799,154
236,871
801,154
628,731
240,881
237,879
787,137
802,159
642,731
255,867
777,159
641,733
802,147
632,718
235,880
650,718
244,860
792,148
783,138
792,145
785,144
243,858
243,880
238,870
249,876
248,869
794,154
234,873
645,728
629,730
794,151
789,148
650,734
642,722
244,857
255,880
791,137
629,724
789,149
777,141
792,147
780,134
239,880
783,157
637,720
249,871
244,864
637,729
794,144
637,713
802,153
245,880
795,135
633,728
254,861
650,726
630,715
630,731
649,719
782,156
778,138
256,867
253,874
233,863
641,733
246,870
241,868
778,139
635,737
256,863
637,715
245,871
251,876
790,142
257,869
638,724
639,733
641,737
786,141
254,857
247,858
780,155
798,148
790,157
641,725
787,153
789,147
785,136
238,880
791,138
798,155
244,877
239,861
635,732
802,147
633,729
241,877
256,862
247,873
251,876
777,156
244,859
791,141
642,736
634,721
646,715
641,716
785,140
643,730
239,861
641,724
778,136
777,148
640,736
249,872
783,157
792,150
781,135
649,721
258,875
781,137
